{
  "advancedEditorSelectedIdentifier" : "ProjectBrowser",
  "openSceneRelativePaths" : [
    "Scene.usda",
    "WoodShoes_scene.usda"
  ],
  "recentIdentifiers" : {
    "01B0369C-7F23-46D4-B82F-711E284646F9" : [

    ],
    "8A75C4AC-6759-4085-B1DE-AC4DC78ED026" : [

    ]
  },
  "sceneCameraHistory" : {
    "01B0369C-7F23-46D4-B82F-711E284646F9" : [
      {
        "date" : 745853714.418096,
        "title" : "Untitled",
        "transform" : [
          0.98680794,
          7.98166e-10,
          -0.16189548,
          0,
          -0.055231757,
          0.9400064,
          -0.3366563,
          0,
          0.15218279,
          0.34115687,
          0.92760575,
          0,
          6.136473,
          0.28779554,
          3.807741,
          1
        ]
      },
      {
        "date" : 745853705.416679,
        "title" : "Untitled",
        "transform" : [
          0.999911,
          -2.133214e-07,
          -0.013341093,
          0,
          -0.0059930347,
          0.8934159,
          -0.44919047,
          0,
          0.011919241,
          0.44923043,
          0.8933364,
          0,
          6.2405677,
          0.68507546,
          3.45912,
          1
        ]
      },
      {
        "date" : 745853700.561272,
        "title" : "Untitled",
        "transform" : [
          0.9969184,
          -1.8003014e-09,
          -0.07844679,
          0,
          -0.078398995,
          0.0348995,
          -0.99631107,
          0,
          0.0027377666,
          0.99939084,
          0.034792025,
          0,
          6.259364,
          2.6201127,
          1.5423988,
          1
        ]
      },
      {
        "date" : 745853695.659535,
        "title" : "Untitled",
        "transform" : [
          0.9969184,
          -1.8003014e-09,
          -0.07844679,
          0,
          -0.078398995,
          0.0348995,
          -0.99631107,
          0,
          0.0027377666,
          0.99939084,
          0.034792025,
          0,
          6.2709737,
          6.8575277,
          1.6899173,
          1
        ]
      },
      {
        "date" : 745853693.918361,
        "title" : "Untitled",
        "transform" : [
          0.9969184,
          -1.8003014e-09,
          -0.07844679,
          0,
          -0.078398995,
          0.0348995,
          -0.99631107,
          0,
          0.0027377666,
          0.99939084,
          0.034792025,
          0,
          5.27225,
          6.8441505,
          2.1527658,
          1
        ]
      },
      {
        "date" : 745853657.474084,
        "title" : "Untitled",
        "transform" : [
          0.9969184,
          -1.8003012e-09,
          -0.07844679,
          0,
          -0.078398995,
          0.03489944,
          -0.99631107,
          0,
          0.002737762,
          0.99939084,
          0.034791965,
          0,
          5.154958,
          6.854117,
          1.8757031,
          1
        ]
      },
      {
        "date" : 745853652.13055,
        "title" : "Untitled",
        "transform" : [
          0.999921,
          -3.6946868e-10,
          -0.012570694,
          0,
          -0.009178485,
          0.6832873,
          -0.73009187,
          0,
          0.008589395,
          0.7301495,
          0.6832334,
          0,
          5.1369348,
          4.459494,
          6.105703,
          1
        ]
      },
      {
        "date" : 745853651.035045,
        "title" : "Untitled",
        "transform" : [
          0.999921,
          -3.6946868e-10,
          -0.012570694,
          0,
          -0.009178485,
          0.6832873,
          -0.73009187,
          0,
          0.008589395,
          0.7301495,
          0.6832334,
          0,
          5.1369348,
          4.459494,
          6.105703,
          1
        ]
      },
      {
        "date" : 745853637.868267,
        "title" : "Untitled",
        "transform" : [
          0.999921,
          -3.6946868e-10,
          -0.012570694,
          0,
          -0.009178485,
          0.6832873,
          -0.73009187,
          0,
          0.008589395,
          0.7301495,
          0.6832334,
          0,
          5.218182,
          11.366704,
          12.569084,
          1
        ]
      },
      {
        "date" : 745853633.346635,
        "title" : "Untitled",
        "transform" : [
          0.999921,
          -3.6946868e-10,
          -0.012570694,
          0,
          -0.009178485,
          0.6832873,
          -0.73009187,
          0,
          0.008589395,
          0.7301495,
          0.6832334,
          0,
          3.2557015,
          13.413023,
          10.406921,
          1
        ]
      }
    ],
    "8A75C4AC-6759-4085-B1DE-AC4DC78ED026" : [
      {
        "date" : 745853944.432086,
        "title" : "Untitled",
        "transform" : [
          1,
          0,
          0,
          0,
          0,
          0.7071069,
          -0.70710677,
          0,
          0,
          0.70710677,
          0.7071069,
          0,
          -0.46455476,
          1.5117831,
          2.1457984,
          1
        ]
      },
      {
        "date" : 745853940.715506,
        "title" : "Untitled",
        "transform" : [
          1,
          0,
          0,
          0,
          0,
          0.7071069,
          -0.70710677,
          0,
          0,
          0.70710677,
          0.7071069,
          0,
          -0.41700926,
          0.65329957,
          3.0042813,
          1
        ]
      },
      {
        "date" : 745853910.248892,
        "title" : "Untitled",
        "transform" : [
          1,
          0,
          0,
          0,
          0,
          0.7071069,
          -0.70710677,
          0,
          0,
          0.70710677,
          0.7071069,
          0,
          0.021469682,
          0.7611067,
          2.896474,
          1
        ]
      },
      {
        "date" : 745853781.111972,
        "title" : "Untitled",
        "transform" : [
          0.99999994,
          0,
          0,
          0,
          0,
          0.8660254,
          -0.49999988,
          0,
          0,
          0.49999988,
          0.8660254,
          0,
          -21.155476,
          108.81419,
          -22.892815,
          1
        ]
      },
      {
        "date" : 745843567.964851,
        "title" : "Untitled",
        "transform" : [
          0.99999994,
          0,
          0,
          0,
          0,
          0.8660254,
          -0.49999988,
          0,
          0,
          0.49999988,
          0.8660254,
          0,
          -21.155476,
          109.22669,
          -22.178345,
          1
        ]
      },
      {
        "date" : 745843566.655119,
        "title" : "Untitled",
        "transform" : [
          0.99999994,
          0,
          0,
          0,
          0,
          0.8660254,
          -0.49999988,
          0,
          0,
          0.49999988,
          0.8660254,
          0,
          -21.155476,
          109.22669,
          -22.178345,
          1
        ]
      },
      {
        "date" : 745843562.115979,
        "title" : "Untitled",
        "transform" : [
          0.99999994,
          0,
          0,
          0,
          0,
          0.8660254,
          -0.49999988,
          0,
          0,
          0.49999988,
          0.8660254,
          0,
          0.5699336,
          12.134485,
          33.877853,
          1
        ]
      },
      {
        "date" : 745843553.443163,
        "title" : "Untitled",
        "transform" : [
          0.99999994,
          0,
          0,
          0,
          0,
          0.8660254,
          -0.49999988,
          0,
          0,
          0.49999988,
          0.8660254,
          0,
          0.5699336,
          4.059492,
          19.891544,
          1
        ]
      },
      {
        "date" : 745843549.367628,
        "title" : "Untitled",
        "transform" : [
          0.99999994,
          0,
          0,
          0,
          0,
          0.8660254,
          -0.49999988,
          0,
          0,
          0.49999988,
          0.8660254,
          0,
          0.09035629,
          9.503874,
          16.748228,
          1
        ]
      },
      {
        "date" : 745843436.600956,
        "title" : "Untitled",
        "transform" : [
          0.99999994,
          0,
          0,
          0,
          0,
          0.8660254,
          -0.49999988,
          0,
          0,
          0.49999988,
          0.8660254,
          0,
          0.09035629,
          9.506373,
          16.752558,
          1
        ]
      }
    ]
  },
  "selectedSceneRelativePath" : "Scene.usda"
}